a = 1;

km22